;Exported by: Timosh
;Date:        Thu Oct  3 08:34:03 2019
;File:        G:\?????? ? Pheonix\??????????????\??? ??????\???????\??????????\???????????\???\LBT 6094\lbt6094_and_smb 3.max
{Skeleton
	{bone "body"
		{Orientation
			1	0	0
			0	-1	0
			0	0	1
		}
		{VolumeView "body.ply"}
		{bone "4_gp"
			{Matrix34
				0.999301	0	0.037383
				0.0372407	0.0871556	-0.995498
				-0.00325813	0.996195	0.0870947
				3.35393	4.14642	2.14804
			}
			{VolumeView "4_gp.ply"}
		}
		{bone "4smg"
			{Matrix34
				0.999301	0	0.037383
				0.0372407	0.0871556	-0.995498
				-0.00325813	0.996195	0.0870947
				3.35393	4.14642	2.14804
			}
			{VolumeView "4smg.ply"}
		}
		{bone "common"
			{Matrix34
				0.999301	0	0.037383
				0.0372407	0.0871556	-0.995498
				-0.00325813	0.996195	0.0870947
				3.35393	4.14642	2.14804
			}
			{VolumeView "common.ply"}
		}
		{bone "ak_mag"
			{Matrix34
				0.983454	-0.130541	0.125606
				0.113004	-0.099853	-0.988564
				0.14159	0.986402	-0.0834492
				4.08974	0.58791	1.28299
			}
			{VolumeView "ak_mag.ply"}
		}
		{bone "3more_gp"
			{Matrix34
				0.999301	0	0.037383
				0.0372407	0.0871556	-0.995498
				-0.00325813	0.996195	0.0870946
				3.35393	4.14642	2.14804
			}
			{VolumeView "3more_gp.ply"}
		}
	}
}
{Volume "front_ceramic"
	{Polyhedron "front_ceramic.vol"}
	{Bone "body"}
	{Matrix34
		1	0	0
		0	0	-1
		0	1	0
		2.96661	-1.52267	-0.0181276
	}
}
{Volume "rear_ceramic"
	{Polyhedron "rear_ceramic.vol"}
	{Bone "body"}
	{Matrix34
		1	0	0
		0	0	-1
		0	1	0
		-2.97488	-1.51823	-0.0162725
	}
}
{Volume "sidel_ceramic"
	{Polyhedron "sidel_ceramic.vol"}
	{Bone "body"}
	{Matrix34
		1	0	0
		0	0	-1
		0	1	0
		-0.196883	-2.13444	-3.72614
	}
}
{Volume "sider_ceramic"
	{Polyhedron "sider_ceramic.vol"}
	{Bone "body"}
	{Matrix34
		1	0	0
		0	0	-1
		0	1	0
		-0.196883	-2.13444	3.91582
	}
}
{Volume "soft_plate"
	{Box 5.6476 7.43559 8.21889}
	{Bone "body"}
	{Matrix34
		1	0	0
		0	0	-1
		0	1	0
		-0.00444894	2.24083	0.106571
	}
}
