;Exported by: Timosh
;Date:        Thu Oct  3 08:32:39 2019
;File:        G:\?????? ? Pheonix\??????????????\??? ??????\???????\??????????\???????????\???\LBT 6094\lbt6094_and_smb 3.max
{Skeleton
	{bone "body"
		{Orientation
			1	0	0
			0	-1	0
			0	0	1
		}
		{VolumeView "body.ply"}
		{bone "2mgun"
			{Matrix34
				0.999301	0	0.037383
				0.0372407	0.0871556	-0.995498
				-0.00325813	0.996195	0.0870947
				3.35393	4.14642	2.14804
			}
			{VolumeView "2mgun.ply"}
		}
		{bone "common"
			{Matrix34
				0.999301	0	0.037383
				0.0372407	0.0871556	-0.995498
				-0.00325813	0.996195	0.0870947
				3.35393	4.14642	2.14804
			}
			{VolumeView "common.ply"}
		}
		{bone "3_gp"
			{Matrix34
				0.999301	0	0.037383
				0.0372407	0.0871556	-0.995498
				-0.00325813	0.996195	0.0870946
				3.35393	4.14642	2.14804
			}
			{VolumeView "3_gp.ply"}
		}
		{bone "util2"
			{Matrix34
				0.222529	0	0.974926
				0.971216	0.0871556	-0.221682
				-0.0849702	0.996195	0.0193946
				-1.59023	0.413154	-3.60865
			}
			{VolumeView "util2.ply"}
		}
	}
}
{Volume "front_ceramic"
	{Polyhedron "front_ceramic.vol"}
	{Bone "body"}
	{Matrix34
		1	0	0
		0	0	-1
		0	1	0
		2.96661	-1.52267	-0.0181276
	}
}
{Volume "rear_ceramic"
	{Polyhedron "rear_ceramic.vol"}
	{Bone "body"}
	{Matrix34
		1	0	0
		0	0	-1
		0	1	0
		-2.97488	-1.51823	-0.0162725
	}
}
{Volume "sidel_ceramic"
	{Polyhedron "sidel_ceramic.vol"}
	{Bone "body"}
	{Matrix34
		1	0	0
		0	0	-1
		0	1	0
		-0.196883	-2.13444	-3.72614
	}
}
{Volume "sider_ceramic"
	{Polyhedron "sider_ceramic.vol"}
	{Bone "body"}
	{Matrix34
		1	0	0
		0	0	-1
		0	1	0
		-0.196883	-2.13444	3.91582
	}
}
{Volume "soft_plate"
	{Box 5.6476 7.43559 8.21889}
	{Bone "body"}
	{Matrix34
		1	0	0
		0	0	-1
		0	1	0
		-0.00444894	2.24083	0.106571
	}
}
