;Exported by: Timosh
;Date:        Sat Feb 29 08:52:19 2020
;File:        G:\?????? ? Pheonix\??????????????\??? ??????\???????\??????????\???????????\???\otv\OTV.max
{Skeleton
	{bone "body"
		{Orientation
			1	0	0
			0	-1	0
			0	0	1
		}
		{VolumeView "body.ply"}
		{bone "detail_util"
			{Matrix34
				0.376909	0	-0.92625
				-0.922726	0.0871546	-0.375475
				0.0807269	0.996195	0.0328494
				-0.126331	-0.106647	4.00276
			}
			{VolumeView "detail_util.ply"}
		}
		{bone "detail_medpack"
			{Matrix34
				-0.884112	0	0.467276
				0.465498	0.0871554	0.880747
				-0.0407257	0.996195	-0.077055
				-0.124542	-0.0486517	-4.09964
			}
			{VolumeView "detail_medpack.ply"}
		}
		{bone "4smg"
			{Matrix34
				0.999301	0	0.037383
				0.0372407	0.0871556	-0.995498
				-0.00325813	0.996195	0.0870947
				3.35393	3.44804	2.14804
			}
			{VolumeView "4smg.ply"}
		}
		{bone "3_gp"
			{Matrix34
				0.999301	0	0.037383
				0.0372407	0.0871556	-0.995498
				-0.00325813	0.996195	0.0870946
				3.35393	3.26776	2.14804
			}
			{VolumeView "3_gp.ply"}
		}
		{bone "util"
			{Matrix34
				-0.367105	-0.124947	-0.921749
				-0.925449	0.148874	0.348398
				0.093693	0.980931	-0.170285
				2.3394	-0.142837	3.52927
			}
			{VolumeView "util.ply"}
		}
		{bone "camelback"
			{Matrix34
				0.996195	0.0871557	0
				0	0	-1
				-0.0871557	0.996195	0
				-2.86203	-2.6322	0
			}
			{VolumeView "camelback.ply"}
		}
		{bone "sniper_mag"
			{Matrix34
				-0.153128	-0.00154223	0.988205
				-0.983505	-0.0971929	-0.152551
				0.0962818	-0.995264	0.0133661
				3.93526	-0.0544724	1.28821
			}
			{VolumeView "sniper_mag.ply"}
		}
	}
}
{Volume "front_ceramic"
	{Polyhedron "front_ceramic.vol"}
	{Bone "body"}
	{Matrix34
		1	0	0
		0	0	-1
		0	1	0
		2.96661	-1.52267	-0.0181276
	}
}
{Volume "rear_ceramic"
	{Polyhedron "rear_ceramic.vol"}
	{Bone "body"}
	{Matrix34
		1	0	0
		0	0	-1
		0	1	0
		-2.97488	-1.51823	-0.0162725
	}
}
{Volume "select"
	{Box 5.6476 7.43559 9.7288}
	{Bone "body"}
	{Matrix34
		1	0	0
		0	0	-1
		0	1	0
		-0.00444894	2.49513	0.10218
	}
}
{Volume "soft_plate"
	{Box 5.6476 7.43559 9.7288}
	{Bone "body"}
	{Matrix34
		1	0	0
		0	0	-1
		0	1	0
		-0.00444894	2.49513	0.10657
	}
}
