;Exported by: Timosh
;Date:        Sat Feb 29 08:54:36 2020
;File:        G:\?????? ? Pheonix\??????????????\??? ??????\???????\??????????\???????????\???\otv\OTV.max
{Skeleton
	{bone "body"
		{Orientation
			1	0	0
			0	-1	0
			0	0	1
		}
		{VolumeView "body.ply"}
		{bone "2mgun"
			{Matrix34
				0.999301	0	0.037383
				0.0372407	0.0871556	-0.995498
				-0.00325813	0.996195	0.0870947
				3.35393	4.14642	2.14804
			}
			{VolumeView "2mgun.ply"}
		}
		{bone "4_gp"
			{Matrix34
				0.999301	0	0.037383
				0.0372407	0.0871556	-0.995498
				-0.00325813	0.996195	0.0870947
				3.35393	6.59149	2.14804
			}
			{VolumeView "4_gp.ply"}
		}
		{bone "camelback"
			{Matrix34
				0.996195	0.0871557	0
				0	0	-1
				-0.0871557	0.996195	0
				-2.86203	-2.6322	0
			}
			{VolumeView "camelback.ply"}
		}
	}
}
{Volume "front_ceramic"
	{Polyhedron "front_ceramic.vol"}
	{Bone "body"}
	{Matrix34
		1	0	0
		0	0	-1
		0	1	0
		2.96661	-1.52267	-0.0181276
	}
}
{Volume "rear_ceramic"
	{Polyhedron "rear_ceramic.vol"}
	{Bone "body"}
	{Matrix34
		1	0	0
		0	0	-1
		0	1	0
		-2.97488	-1.51823	-0.0162725
	}
}
{Volume "select"
	{Box 5.6476 7.43559 9.7288}
	{Bone "body"}
	{Matrix34
		1	0	0
		0	0	-1
		0	1	0
		-0.00444894	2.49513	0.10218
	}
}
{Volume "soft_plate"
	{Box 5.6476 7.43559 9.7288}
	{Bone "body"}
	{Matrix34
		1	0	0
		0	0	-1
		0	1	0
		-0.00444894	2.49513	0.10657
	}
}
