;Exported by: Пользователь
;Date:        Wed Jul 13 20:24:36 2022
;File:        H:\Program Files\- Downloads\03. 3D модели\- 3D models ПОЕЗДА\- Модели в обработке\- АВИАЦИЯ\АН-2\Ан-2_xx.max
{Skeleton
	{bone "basis"
		{Orientation
			1	0	0
			0	-1	0
			0	0	1
		}
		{bone "body_an2"
			{parameters "ID=body;"}
			{Position 0	0	51}
			{VolumeView "body_an2.ply"}
			{bone "body_an2_parts1"
				{parameters "ID=body;"}
				{Position -39.0934	0.000513101	17.7348}
				{VolumeView "body_an2_parts1.ply"}
				{bone revolute "rudder"
					{parameters "ID=body;"}
					{limits -20 20}
					{speed 0.03}
					{Position -95.0164	0.0691007	21.8478}
					{VolumeView "rudder.ply"}
				}
				{bone "horiz_stabilizer"
					{parameters "ID=body;"}
					{Position -85.2515	-0.000823975	8.03442}
					{VolumeView "horiz_stabilizer.ply"}
					{bone revolute "elevator1"
						{parameters "ID=body;"}
						{limits -20 20}
						{speed 0.01}
						{Matrix34
							1	0	0
							0	0	1
							0	-1	0
							-9.2543	32.6901	0.324928
						}
						{VolumeView "elevator1.ply"}
					}
					{bone revolute "elevator2"
						{parameters "ID=body;"}
						{limits -20 20}
						{speed 0.01}
						{Matrix34
							1	0	0
							0	0	1
							0	-1	0
							-9.1767	-32.6734	0.322342
						}
						{VolumeView "elevator2.ply"}
					}
				}
				{bone "prop_hub"
					{parameters "ID=body;"}
					{Position 107.34	-0.231504	-22.3936}
					{VolumeView "prop_hub.ply"}
					{bone "propeller1"
						{parameters "ID=body;"}
						{Position 0	0	0}
						{VolumeView "propeller1.ply"}
					}
				}
			}
			{bone "body_an2_parts"
				{parameters "ID=body;"}
				{Position -46.427	-0.000261435	16.5102}
				{VolumeView "body_an2_parts.ply"}
			}
			{bone "body_an2_parts2"
				{parameters "ID=body;"}
				{Position -59.4907	0.0157978	23.6191}
				{VolumeView "body_an2_parts2.ply"}
				{bone revolute "aileron1"
					{parameters "ID=body;"}
					{Matrix34
						1	0	0
						0	-0.104529	0.994522
						0	-0.994522	-0.104529
						42.1157	120.151	-1.03732
					}
					{VolumeView "aileron1.ply"}
				}
				{bone revolute "aileron2"
					{parameters "ID=body;"}
					{Matrix34
						1	0	0
						0	-0.104529	-0.994522
						0	0.994522	-0.104529
						41.4238	-120.057	-0.848076
					}
					{VolumeView "aileron2.ply"}
				}
				{bone "slatr"
					{parameters "ID=body;"}
					{Matrix34
						0.865729	-0.0226699	-0.5
						0.026177	0.999657	0
						0.499829	-0.0130885	0.866025
						73.8446	-87.0202	-0.930809
					}
					{VolumeView "slatr.ply"}
				}
				{bone "slatl"
					{parameters "ID=body;"}
					{Matrix34
						0.865729	0.0226699	-0.5
						-0.0261769	0.999657	0
						0.499829	0.0130885	0.866025
						73.8444	86.9885	-0.930573
					}
					{VolumeView "slatl.ply"}
				}
				{bone "flapl01"
					{parameters "ID=body;"}
					{Matrix34
						0.905997	-0.0237244	0.422618
						0.0217515	0.999718	0.00949066
						-0.422724	0.000594055	0.906258
						42.1462	45.6631	-4.55672
					}
					{VolumeView "flapl01.ply"}
				}
				{bone "flapr01"
					{parameters "ID=body;"}
					{Matrix34
						0.905997	0.0237244	0.422618
						-0.0217515	0.999718	-0.00949066
						-0.422724	-0.000594054	0.906258
						42.1462	-45.6498	-4.55672
					}
					{VolumeView "flapr01.ply"}
				}
			}
			{bone "salon_an2"
				{parameters "ID=bodyback;"}
				{Position -11.7308	-0.0677614	0.284611}
				{VolumeView "salon_an2.ply"}
			}
			{bone "cabin_an2"
				{parameters "ID=cabin;"}
				{Position 27.1032	-0.0673165	4.59376}
				{VolumeView "cabin_an2.ply"}
				{bone "device_an2"
					{parameters "ID=body;"}
					{Position -46.787	0.971845	-3.8813}
					{VolumeView "device_an2.ply"}
				}
				{bone "door_cabin"
					{parameters "ID=body;"}
					{Position -9.84483	4.55642	-3.77396}
					{VolumeView "door_cabin.ply"}
					{bone "door_cabin_inside"
						{parameters "ID=body;"}
						{Position -0.0461254	-4.54832	0.0571404}
						{VolumeView "door_cabin_inside.ply"}
					}
				}
				{bone "wipers"
					{parameters "ID=body;"}
					{Position 9.55398	0.132709	3.60145}
					{VolumeView "wipers.ply"}
				}
			}
			{bone "body_an2_parts3"
				{parameters "ID=body;"}
				{Position -54.4487	-0.00148092	1.72227}
				{VolumeView "body_an2_parts3.ply"}
				{bone "flapr02"
					{parameters "ID=body;"}
					{Matrix34
						0.905997	0.0237244	0.422618
						-0.0217515	0.999718	-0.00949065
						-0.422724	-0.000594061	0.906258
						42.1737	-75.7173	-19.3019
					}
					{VolumeView "flapr02.ply"}
				}
				{bone "flapl02"
					{parameters "ID=body;"}
					{Matrix34
						0.905997	-0.0237244	0.422618
						0.0217515	0.999718	0.00949066
						-0.422724	0.000594054	0.906258
						42.174	75.7648	-19.3018
					}
					{VolumeView "flapl02.ply"}
				}
			}
			{bone "cargo_hatch"
				{parameters "ID=body;"}
				{Position -44.7039	14.4424	12.0886}
				{VolumeView "cargo_hatch.ply"}
				{bone "cargo_hatch_inside"
					{parameters "ID=body;"}
					{Position 9.53674e-005	0.266122	-15.1704}
					{VolumeView "cargo_hatch_inside.ply"}
				}
				{bone "doorl"
					{parameters "ID=cabin;"}
					{Position -9.04177	0.100259	-15.0842}
					{VolumeView "doorl.ply"}
					{bone "doorl_inside"
						{parameters "ID=body;"}
						{Position 7.75057	0.502158	0.000770569}
						{VolumeView "doorl_inside.ply"}
					}
				}
			}
			{bone "hood_flap_r06"
				{parameters "ID=body;"}
				{Position 50.3051	-5.45304	-17.4739}
				{VolumeView "hood_flap_r06.ply"}
			}
			{bone "hood_flap_l03"
				{parameters "ID=body;"}
				{Position 51.3437	13.2572	-0.561485}
				{VolumeView "hood_flap_l03.ply"}
				{bone "hood_flap_inside_l03"
					{parameters "ID=body;"}
					{Matrix34
						1	0	0
						0	-1	0
						0	0	1
						-1.89126	-0.204763	0.0105553
					}
					{VolumeView "hood_flap_inside_l03.ply"}
				}
			}
			{bone "hood_flap_l02"
				{parameters "ID=body;"}
				{Position 51.1564	11.197	3.46}
				{VolumeView "hood_flap_l02.ply"}
				{bone "hood_flap_inside_l02"
					{parameters "ID=body;"}
					{Matrix34
						1	0	0
						0	-1	0
						0	0	1
						-1.89264	-0.179529	-0.0126915
					}
					{VolumeView "hood_flap_inside_l02.ply"}
				}
			}
			{bone "hood_flap_l01"
				{parameters "ID=body;"}
				{Position 51.2417	7.84239	6.57744}
				{VolumeView "hood_flap_l01.ply"}
				{bone "hood_flap_inside_l01"
					{parameters "ID=body;"}
					{Matrix34
						1	0	0
						0	-1	0
						0	0	1
						-1.88448	0.0229077	-0.264927
					}
					{VolumeView "hood_flap_inside_l01.ply"}
				}
			}
			{bone "hood_flap_l04"
				{parameters "ID=body;"}
				{Position 50.2915	11.1713	-12.5791}
				{VolumeView "hood_flap_l04.ply"}
			}
			{bone "hood_flap_l05"
				{parameters "ID=body;"}
				{Position 50.2903	8.66152	-15.7318}
				{VolumeView "hood_flap_l05.ply"}
			}
			{bone "hood_flap_r03"
				{parameters "ID=body;"}
				{Position 51.3439	-13.2891	-0.568817}
				{VolumeView "hood_flap_r03.ply"}
				{bone "hood_flap_inside_r03"
					{parameters "ID=body;"}
					{Position -1.89145	0.236676	0.0178871}
					{VolumeView "hood_flap_inside_r03.ply"}
				}
			}
			{bone "hood_flap_r02"
				{parameters "ID=body;"}
				{Position 51.1565	-11.2238	3.46}
				{VolumeView "hood_flap_r02.ply"}
				{bone "hood_flap_inside_r02"
					{parameters "ID=body;"}
					{Position -1.89274	0.206332	-0.0126915}
					{VolumeView "hood_flap_inside_r02.ply"}
				}
			}
			{bone "hood_flap_r01"
				{parameters "ID=body;"}
				{Position 51.2438	-7.86848	6.57726}
				{VolumeView "hood_flap_r01.ply"}
				{bone "hood_flap_inside_r01"
					{parameters "ID=body;"}
					{Position -1.88653	0.00316954	-0.264751}
					{VolumeView "hood_flap_inside_r01.ply"}
				}
			}
			{bone "hood_flap_r04"
				{parameters "ID=body;"}
				{Position 50.2915	-11.1947	-12.5707}
				{VolumeView "hood_flap_r04.ply"}
			}
			{bone "hood_flap_r05"
				{parameters "ID=body;"}
				{Position 50.2903	-8.68652	-15.7317}
				{VolumeView "hood_flap_r05.ply"}
			}
			{bone "hood_flap_l06"
				{parameters "ID=body;"}
				{Position 50.3051	5.42794	-17.4736}
				{VolumeView "hood_flap_l06.ply"}
			}
			{bone "ladder"
				{parameters "ID=body;"}
				{Position -46.5301	14.6809	-18.3948}
				{VolumeView "ladder.ply"}
			}
			{bone "pivot_front"
				{parameters "ID=body;"}
				{Position 17.8808	0	-21.9215}
				{bone "strut_a"
					{parameters "ID=body;"}
					{Position -0.259338	-0.0185866	-12.1706}
					{VolumeView "strut_a.ply"}
					{bone revolute "wheell1"
						{parameters "ID=wheelleft1;"}
						{Matrix34
							-1	0	0
							0	0.0348995	0.999391
							0	0.999391	-0.0348995
							6.0001	31.3057	-10.2312
						}
						{VolumeView "wheell1.ply"}
					}
					{bone revolute "wheelr1"
						{parameters "ID=wheelright1;"}
						{Matrix34
							-1	0	0
							0	-0.0348995	0.999391
							0	0.999391	0.0348995
							5.93822	-31.2123	-10.2585
						}
						{VolumeView "wheelr1.ply"}
					}
				}
				{bone "support1"
					{parameters "ID=body;"}
					{Matrix34
						0.977416	0	-0.211325
						0	1	0
						0.211325	0	0.977416
						4.60431	-31.32	-29.2251
					}
				}
				{bone "support2"
					{parameters "ID=body;"}
					{Matrix34
						0.977416	0	-0.211325
						0	1	0
						0.211325	0	0.977416
						4.60431	31.32	-29.2251
					}
				}
			}
			{bone "pivot_back"
				{parameters "ID=body;"}
				{Position -121.655	0	-8.96603}
				{bone revolute "steer_r1"
					{parameters "ID=body;"}
					{Position 0.0329971	-0.228469	-1.3373}
					{VolumeView "steer_r1.ply"}
					{bone revolute "wheel_an2_back"
						{parameters "ID=wheelleft1;"}
						{Matrix34
							-1	0	0
							0	0	1
							0	1	0
							-4.30845	5.07236e-005	-4.24491
						}
						{VolumeView "wheel_an2_back.ply"}
					}
				}
				{bone "support3"
					{parameters "ID=body;"}
					{Matrix34
						0.977416	0	-0.211325
						0	1	0
						0.211325	0	0.977416
						-5.13528	0	-9.90619
					}
				}
			}
			{bone "emit1"
				{Matrix34
					0	-1	0
					0.977416	0	-0.211325
					0.211325	0	0.977416
					-50.207	25.2132	-35.2101
				}
			}
			{bone "emit2"
				{Matrix34
					0	-1	0
					0.977416	0	-0.211325
					0.211325	0	0.977416
					-50.207	25.2132	-35.2101
				}
			}
		}
	}
}
{Obstacle "body01"
	{Obb2
		{Center -104.337 6.58035e-005}
		{Extent 39.2926 10.8}
		{Axis 1 0}
	}
	{Rotate}
	{Tags  "body"}
}
{Obstacle "body02"
	{Obb2
		{Center -125.198 6.58035e-005}
		{Extent 13.5 2.7}
		{Axis 1 0}
	}
	{Rotate}
	{Tags  "body"}
}
{Obstacle "body03"
	{Obb2
		{Center -3.03122 88.8324}
		{Extent 16.2 72.981}
		{Axis 1 0}
	}
	{Rotate}
	{Tags  "body"}
}
{Obstacle "body04"
	{Obb2
		{Center -3.03122 -88.8325}
		{Extent 16.2 72.981}
		{Axis 1 0}
	}
	{Rotate}
	{Tags  "body"}
}
{Obstacle "body05"
	{Obb2
		{Center -3.03122 73.932}
		{Extent 16.2 54.0974}
		{Axis 1 0}
	}
	{Rotate}
	{Tags  "body"}
}
{Obstacle "body06"
	{Obb2
		{Center -3.03122 -76.7389}
		{Extent 16.2 54.0978}
		{Axis 1 0}
	}
	{Rotate}
	{Tags  "body"}
}
{Obstacle "body07"
	{Obb2
		{Center -144.674 6.58035e-005}
		{Extent 15.4765 2.7}
		{Axis 1 0}
	}
	{Rotate}
	{Tags  "body"}
}
{Obstacle "body"
	{Obb2
		{Center -25.3772 6.58035e-005}
		{Extent 40.5 14.85}
		{Axis 1 0}
	}
	{Rotate}
	{Tags  "body"}
}
{Obstacle "cargo_hatch"
	{Obb2
		{Center -44.5226 -15.5319}
		{Extent 12.5429 0.593999}
		{Axis 1 0}
	}
	{Rotate}
	{Tags  "body"}
}
{Obstacle "doorl"
	{Obb2
		{Center -45.8185 -15.5319}
		{Extent 7.695 0.593999}
		{Axis 1 0}
	}
	{Rotate}
	{Tags  "body"}
}
{Obstacle "engine"
	{Obb2
		{Center 52.5465 4.76837e-007}
		{Extent 13.068 13.8934}
		{Axis 1 0}
	}
	{Rotate}
	{Tags  "body"}
}
{Volume "body01"
	{Box 70 20 30}
	{Bone "body_an2"}
	{Matrix34
		1.07403	0	-0.113447
		0	1.08	0
		0.113447	0	1.07403
		-104.337	-6.5918e-005	5.53895
	}
}
{Volume "body02"
	{Box 25 5 35}
	{Bone "body_an2"}
	{Matrix34
		1.08	0	0
		0	1.08	0
		0	0	1.08
		-125.198	-6.5918e-005	42.504
	}
}
{Volume "body03"
	{Box 30 135 7.5}
	{Bone "body_an2"}
	{Matrix34
		1.08	0	0
		0	1.07963	-0.0282711
		0	0.0282711	1.07963
		-3.03122	-88.8324	24.3768
	}
}
{Volume "body04"
	{Box 30 135 7.5}
	{Bone "body_an2"}
	{Matrix34
		1.08	0	0
		0	1.07963	0.0282711
		0	-0.0282711	1.07963
		-3.03122	88.8325	24.3768
	}
}
{Volume "body05"
	{Box 30 99.9 7.5}
	{Bone "body_an2"}
	{Matrix34
		1.08	0	0
		0	1.07665	-0.0849442
		0	0.0849442	1.07665
		-3.03122	-73.932	-16.4796
	}
}
{Volume "body06"
	{Box 30 99.9 7.5}
	{Bone "body_an2"}
	{Matrix34
		1.08	0	0
		0	1.07705	0.0796997
		0	-0.0796998	1.07706
		-3.03122	76.7389	-17.1858
	}
}
{Volume "body07"
	{Box 20 5 53.9}
	{Bone "rudder"}
	{Matrix34
		1.06505	0	-0.179074
		0	1.08	0
		0.179074	0	1.06505
		-10.5638	-0.0696797	-9.68171
	}
}
{Volume "body"
	{Box 75 27.5 37.5}
	{Bone "body_an2"}
	{Matrix34
		1.08	0	0
		0	1.08	0
		0	0	1.08
		-25.3772	-6.5918e-005	-0.743288
	}
}
{Volume "cabin"
	{Box 25 25 15}
	{Bone "cabin_an2"}
	{Matrix34
		1.09085	0	0
		0	1.09085	0
		0	0	1.09085
		2.99516	0.0672507	-7.76359
	}
}
{Volume "cargo_hatch"
	{Box 23.2275 1.1 26.3052}
	{Bone "cargo_hatch"}
	{Matrix34
		1.08	0	0
		0	1.08	0
		0	0	1.08
		0.181263	1.08948	-14.6212
	}
}
{Volume "doorl"
	{Box 14.25 1.1 24.5843}
	{Bone "doorl"}
	{Matrix34
		1.08	0	0
		0	1.08	0
		0	0	1.08
		7.92719	0.989218	-0.466279
	}
}
{Volume "engine"
	{Cylinder 13.0627 24.1999}
	{Bone "body_an2"}
	{Matrix34
		0	0	-1.08
		0	1.08	0
		1.08	0	0
		52.5465	0	-4.40033
	}
}
{Volume "wheel_an2_back"
	{Cylinder 4.46477 3.63004}
	{Bone "wheel_an2_back"}
	{Matrix34
		-1.00147	0.0298632	-0.000363953
		0.0298619	1.00147	0.00281204
		0.00044761	0.00280014	-1.00191
		-0.0247233	0.00511454	0.22842
	}
}
{Volume "wheelleft1"
	{Cylinder 6.96716 5.377}
	{Bone "wheell1"}
	{Matrix34
		-1.09085	0	0
		0	1.09018	-0.0380694
		0	-0.0380694	-1.09018
		0.147221	0.0454139	-0.0428922
	}
}
{Volume "wheelright1"
	{Cylinder 6.96716 5.377}
	{Bone "wheelr1"}
	{Matrix34
		-1.09085	0	0
		0	1.09018	0.0380706
		0	0.0380704	-1.09018
		0.0852394	0.0755689	-0.0324669
	}
}
