;Exported by: Timosh
;Date:        Wed Sep 11 16:38:43 2019
;File:        G:\?????? ? Pheonix\??????????????\??? ??????\???????\??????????\?????\???\??? ???\OPS-CORE ? ???????? Peltor 7.max
{Skeleton
	{bone "opscore"
		{Orientation
			1	0	0
			0	-1	0
			0	0	1
		}
		{VolumeView "opscore.ply"}
		{bone "peltor_comtac_arc"
			{Position 0.409714	0.0082016	3.97086}
			{VolumeView "peltor_comtac_arc.ply"}
		}
		{bone "peltor_comtac"
			{Position 1.56173	-0.0521086	2.43232}
			{VolumeView "peltor_comtac.ply"}
		}
		{bone "detail_basean_pvs15_open"
			{Position 2.63198	0.369398	3.47899}
			{VolumeView "detail_basean_pvs15_open.ply"}
			{bone "detail_an_pvs15_open"
				{VolumeView "detail_an_pvs15_open.ply"}
			}
		}
		{bone "detail_headpatcha"
			{Matrix34
				1	0	0
				0	0.573576	-0.819152
				0	0.819152	0.573576
				0.731467	1.32254	4.48474
			}
			{VolumeView "detail_headpatcha.ply"}
		}
		{bone "detail_headpatchc"
			{Matrix34
				1	0	0
				0	0.573576	-0.819152
				0	0.819152	0.573576
				0.731467	1.32254	4.48474
			}
			{VolumeView "detail_headpatchc.ply"}
		}
		{bone "detail_headpatchb"
			{Matrix34
				1	0	0
				0	0.573576	-0.819152
				0	0.819152	0.573576
				0.731467	1.32254	4.48474
			}
			{VolumeView "detail_headpatchb.ply"}
		}
       		{Bone "detail_valken"
            		 {Position 1.00338	-0.07	3.81825}
          	 	{VolumeView "detail_glasses.ply"}
       		}
	}
}
{Volume "body"
	{Box 4.85771 4.61598 3.61755}
	{Bone "opscore"}
	{Position 0.859396	0.0451909	3.22851}
}
{Volume "select"
	{Box 4.85771 4.61598 3.61755}
	{Bone "opscore"}
	{Position 0.859396	0.0451909	3.22851}
}
