;MDL File generated by SOEdit Version Next (v0.7m4)
;Model created by: Timosh
;Date: Wed Sep 11 16:38:43 2019
;File: G:\?????? ? Pheonix\??????????????\??? ??????\???????\??????????\?????\???\??? ???\OPS-CORE ? ???????? Peltor 7.max
;Model create/rebuild by: Sabin
;Last build date: Sunday 23 September 2023 [10:27:49]
{Skeleton
    {Bone "opscore"
        {Orientation
            1	0	0
            0	-1	0
            0	0	1
        }
        {VolumeView "opscore.ply"}
        {Bone "detail_headpatcha"
            {Matrix34
                1	0	0
                0	0.573576	-0.819152
                0	0.819152	0.573576
                0.731467	1.32254	4.48474
            }
            {VolumeView "detail_headpatcha.ply"}
        }
        {Bone "detail_headpatchc"
            {Matrix34
                1	0	0
                0	0.573576	-0.819152
                0	0.819152	0.573576
                0.731467	1.32254	4.48474
            }
            {VolumeView "detail_headpatchc.ply"}
        }
        {Bone "detail_headpatchb"
            {Matrix34
                1	0	0
                0	0.573576	-0.819152
                0	0.819152	0.573576
                0.731467	1.32254	4.48474
            }
            {VolumeView "detail_headpatchb.ply"}
        }
        {Bone "detail_glasses"
            {Position 1.00338	-0.07	3.81825}
            {VolumeView "detail_glasses.ply"}
        }
    }
}
{Volume "body"
    {Box 4.85771 4.61598 3.61755}
    {Bone "opscore"}
    {Position 0.859396	0.0451909	3.22851}
}
{Volume "select"
    {Box 4.85771 4.61598 3.61755}
    {Bone "opscore"}
    {Position 0.859396	0.0451909	3.22851}
}
