;Exported by: БР
;Date:        Tue Feb 09 19:03:15 2016
;File:        D:\Стол\BTR-80\BTR 80.max
{Skeleton
	{animation
		{sequence "start"}
		{sequence "stop"}
		{sequence "fire"}
		{sequence "flattern" {speed 0.5} {resume}}
	}
				{bone "flag_handle"
					{parameters "ID=turret;"}
					{Position -30.3249	0.139535	35.1217}
					{Orientation
						-1 -0 0
						0 -1 0
						0 0 1
					}
				}
	{bone "basis"
		{parameters "Wheelradius=0.55;SteerMax=25;"}
		{Orientation
			1	0	0
			0	-1	0
			0	0	1
		}
		{bone "pivot_back"
			{Position -35.6556	0	0.693102}
			{bone "fxtracel2"
				{Matrix34
					-0.999931	-0.0117589	0
					0.0117589	-0.999931	0
					0	0	1
					-12.9244	25.7464	-0.693101
				}
			}
			{bone "fxtracer2"
				{Matrix34
					-0.999931	-0.0117589	0
					0.0117589	-0.999931	0
					0	0	1
					-12.9244	-26.5392	-0.693103
				}
			}
			{bone revolute "wheelr3"
				{parameters "id=wheelr3;"}
				{Matrix34
					0.999966	0.00819691	-0.00120741
					-0.00112016	-0.0106418	-0.999943
					-0.00820929	0.99991	-0.0106323
					14.9336	-26.4584	10.6844
				}
				{VolumeView "wheelr3.ply"}
			}
			{bone revolute "wheell3"
				{parameters "id=wheell3;"}
				{Matrix34
					0.999966	0.00819691	-0.00120741
					-0.00112016	-0.0106418	-0.999943
					-0.00820929	0.99991	-0.0106323
					14.9973	25.8127	10.6821
				}
				{VolumeView "wheell3.ply"}
			}
			{bone revolute "wheelr4"
				{parameters "id=wheelr4;"}
				{Matrix34
					0.999966	0.00819691	-0.00120741
					-0.00112016	-0.0106418	-0.999943
					-0.00820929	0.99991	-0.0106323
					-12.9968	-26.4138	10.5031
				}
				{VolumeView "wheelr4.ply"}
			}
			{bone revolute "wheell4"
				{parameters "id=wheell4;"}
				{Matrix34
					0.999966	0.00819691	-0.00120741
					-0.00112016	-0.0106418	-0.999943
					-0.00820929	0.99991	-0.0106323
					-12.9331	25.8573	10.5008
				}
				{VolumeView "wheell4.ply"}
			}
		}
		{bone "pivot_front"
			{Position 32.2044	0	0.693102}
			{bone revolute "steer_r"
				{Matrix34
					0.999993	0.0037652	0
					0.00376506	-0.999955	0.00872753
					3.28594e-005	-0.00872747	-0.999962
					14.4744	-22.4633	10.9833
				}
				{bone "fxtracer1"
					{Matrix34
						-0.999822	0.018839	3.29017e-005
						0.018838	0.999784	-0.00872687
						-0.000197301	-0.00872471	-0.999962
						0.203476	3.97543	11.6245
					}
				}
				{bone revolute "wheelr1"
					{parameters "id=wheelr1;"}
					{Matrix34
						0.999984	0.00492408	0.00266648
						-0.00271805	0.0104978	0.999941
						0.00489581	-0.999933	0.010511
						0.292351	4.10571	-0.108632
					}
					{VolumeView "wheelr1.ply"}
				}
			}
			{bone revolute "steer_l"
				{Matrix34
					0.999993	0.0037652	0
					0.00376506	-0.999955	0.00872753
					3.28594e-005	-0.00872747	-0.999962
					14.3176	20.996	10.9855
				}
				{bone "fxtracel1"
					{Matrix34
						-0.999822	0.018839	3.29017e-005
						0.0188372	0.999746	-0.0123378
						-0.000265325	-0.012335	-0.999924
						0.393463	-4.85001	11.5497
					}
				}
				{bone revolute "wheell1"
					{parameters "id=wheell1;"}
					{Matrix34
						0.999984	0.00492408	0.00266648
						-0.00271805	0.0104978	0.999941
						0.00489581	-0.999933	0.010511
						0.546021	-4.71487	-0.181045
					}
					{VolumeView "wheell1.ply"}
				}
			}
			{bone revolute "steer_r2"
				{Matrix34
					0.999993	0.0037652	0
					0.00376506	-0.999955	0.00872753
					3.28594e-005	-0.00872747	-0.999962
					-16.3861	-22.4633	10.8458
				}
				{bone revolute "wheelr2"
					{parameters "id=wheelr2;"}
					{Matrix34
						0.999984	0.00492408	0.00266648
						-0.00271805	0.0104978	0.999941
						0.00489581	-0.999933	0.010511
						0.599341	4.05731	-0.0445833
					}
					{VolumeView "wheelr2.ply"}
				}
			}
			{bone revolute "steer_l2"
				{Matrix34
					0.999993	0.0037652	0
					0.00376506	-0.999955	0.00872753
					3.28594e-005	-0.00872747	-0.999962
					-15.6182	20.996	10.848
				}
				{bone revolute "wheell2"
					{parameters "id=wheell2;"}
					{Matrix34
						0.999984	0.00492408	0.00266648
						-0.00271805	0.0104978	0.999941
						0.00489581	-0.999933	0.010511
						-0.0715733	-4.76646	-0.117033
					}
					{VolumeView "wheell2.ply"}
				}
			}
		}
		{bone "body"
			{parameters "id=body;"}
			{Matrix34
				0.0263062	0.999654	0
				-0.987738	0.0259926	-0.153944
				-0.153891	0.00404968	0.98808
				-3.526	-0.648437	27.1014
			}
			{VolumeView "body.ply"}
			{bone revolute "turret"
				{parameters "id=turret;"}
				{speed 0.01}
				{Matrix34
					-0.999371	-0.0341697	-0.00943933
					0.0352134	-0.987558	-0.153261
					-0.00408502	-0.153497	0.988141
					0.644571	-27.3428	11.8318
				}
				{VolumeView "turret.ply"}
				{bone revolute "gun_rot"
					{parameters "id=gun;"}
					{limits -35 10}
				        {speed 0.01}
					{Matrix34
						-0.000143392	1	-0.000466131
						0.00523475	-0.000465359	-0.999986
						-0.999986	-0.000145824	-0.00523468
						1.30745	5.26888	0.607109
					}
					{VolumeView "gun_rot.ply"}
					{bone "gun"
						{parameters "id=gun;"}
						{Matrix34
							0.0340513	-0.0103326	0.999367
							-0.987153	0.155842	0.0352464
							-0.156107	-0.987728	-0.00489322
							14.4192	-0.318108	1.45094
						}
						{VolumeView "gun.ply"}
						{bone "foresight1"
							{Matrix34
								0.0262927	-0.987656	-0.154413
								0.999654	0.0259817	0.00403138
								2.97837e-005	-0.154466	0.987998
								0.678076	-12.107	-1.50093
							}
						}
					}
					{bone "gun_rot2"
						{parameters "id=turret;"}
						{Matrix34
							0.0340513	-0.0103326	0.999367
							-0.987153	0.155842	0.0352464
							-0.156107	-0.987728	-0.00489322
							5.70765	-0.0568962	-2.13332
						}
						{VolumeView "gun_rot2.ply"}
					}
					{bone "foresight5"
						{Matrix34
							0.999971	-0.00198798	-0.00738272
							0.00734482	-0.0184388	0.999803
							-0.00212368	-0.999828	-0.0184235
							8.92403	-0.0454674	-2.27073
						}
					}
				}
				{bone "visor1"
					{Matrix34
						0.00835891	0.999965	0.000172822
						-0.999957	0.00835819	0.00408682
						0.00408527	-0.000206947	0.999992
						0.622497	2.71064	3.84833
					}
				}
			}
			{bone "detail7"
				{parameters "id=body;"}
				{Matrix34
					0.542598	-0.125855	-0.830511
					0.304627	0.950887	0.0549258
					0.782809	-0.282799	0.554288
					-17.2608	46.726	22.7053
				}
				{VolumeView "detail7.ply"}
			}
			{bone "detail13"
				{parameters "id=body;"}
				{Matrix34
					-0.980365	-0.184902	-0.068524
					-0.196772	0.939969	0.278819
					-0.0128561	-0.286828	0.957896
					25.4616	-19.3358	3.23402
				}
				{VolumeView "detail13.ply"}
			}
			{bone "detail14"
				{parameters "id=body;"}
				{Matrix34
					-1	0	0
					0	1	0
					0	0	1
					24.6058	13.0884	8.54897
				}
				{VolumeView "detail14.ply"}
			}
			{bone "detail8"
				{parameters "id=body;"}
				{Matrix34
					0.0210188	-0.184972	0.982519
					-0.088147	0.978566	0.186114
					-0.995886	-0.090518	0.00426358
					2.96786	37.9873	21.7927
				}
				{VolumeView "detail8.ply"}
			}
			{bone "detail12"
				{parameters "id=body;"}
				{Matrix34
					0.978331	-0.186588	-0.0897369
					0.200705	0.961103	0.189733
					0.050844	-0.203632	0.977726
					-25.4176	-19.3358	3.23402
				}
				{VolumeView "detail12.ply"}
			}
			{bone "detail10"
				{parameters "id=body;"}
				{Position -25.037	10.3802	8.05794}
				{VolumeView "detail10.ply"}
			}
			{bone "detail15"
				{parameters "id=body;"}
				{Matrix34
					0.846278	-0.0950384	0.524196
					0.0950383	0.995108	0.0269835
					-0.524196	0.0269832	0.85117
					25.1911	21.5767	8.32873
				}
				{VolumeView "detail15.ply"}
			}
			{bone "detail9"
				{parameters "id=body;"}
				{Matrix34
					0	-0.178395	0.983959
					0.151216	0.972644	0.176344
					-0.988501	0.14879	0.0269761
					8.10214	61.6443	26.6741
				}
				{VolumeView "detail9.ply"}
			}
			{bone "detail6"
				{parameters "id=body;"}
				{Matrix34
					0.886117	-0.456027	-0.0826791
					0.452775	0.889887	-0.0556461
					0.0689334	-0.0467273	0.996526
					-5.96243	52.2766	24.0351
				}
				{VolumeView "detail6.ply"}
			}
			{bone "detail2"
				{parameters "id=body;"}
				{Matrix34
					-0.999492	0.0315008	0.00490759
					-0.0318808	-0.987577	-0.153866
					0	-0.153944	0.98808
					76.4926	-4.0259	6.29363
				}
				{VolumeView "detail2.ply"}
			}
			{bone "detail1"
				{parameters "id=body;"}
				{Matrix34
					-0.999492	0.0315008	0.00490759
					-0.0318808	-0.987577	-0.153866
					0	-0.153944	0.98808
					76.4926	-4.0259	6.29363
				}
				{VolumeView "detail1.ply"}
			}
			{bone "detail3"
				{parameters "id=body;"}
				{Matrix34
					-0.999492	0.0315008	0.00490759
					-0.0318808	-0.987577	-0.153866
					0	-0.153944	0.98808
					76.4926	-4.0259	6.29363
				}
				{VolumeView "detail3.ply"}
			}
			{bone "detail4"
				{parameters "id=body;"}
				{Matrix34
					-0.999492	0.0315008	0.00490759
					-0.0318808	-0.987577	-0.153866
					0	-0.153944	0.98808
					76.4926	-4.0259	6.29363
				}
				{VolumeView "detail4.ply"}
			}
			{bone "detail5"
				{parameters "id=body;"}
				{Matrix34
					-0.999492	0.0315008	0.00490759
					-0.0318808	-0.987577	-0.153866
					0	-0.153944	0.98808
					76.4926	-4.0259	6.29363
				}
				{VolumeView "detail5.ply"}
			}
			{bone "detail11"
				{parameters "id=body;"}
				{Matrix34
					-0.0936802	0.205936	-0.974071
					-0.891348	-0.451508	-0.0404917
					-0.45007	0.878348	0.161066
					-6.38446	7.11932	15.1024
				}
				{VolumeView "detail11.ply"}
			}
			{bone "detail16"
				{parameters "id=body;"}
				{Matrix34
					0.0145193	-0.161997	0.986685
					-0.949233	0.307888	0.0645182
					-0.31424	-0.93753	-0.149303
					8.77066	52.993	22.6804
				}
				{VolumeView "detail16.ply"}
			}
			{bone "detail17"
				{parameters "id=body;"}
				{Matrix34
					1	0	0
					0	0.983959	0.178395
					0	-0.178395	0.983959
					-1.73431	76.5499	14.0652
				}
				{VolumeView "detail17.ply"}
			}
			{bone "shieldl2"
				{parameters "id=shieldL2;"}
				{Matrix34
					0.00502138	-0.983947	-0.178393
					-0.99977	-0.021166	-0.00357592
					0.000257386	-0.178394	0.983959
					29.2374	-27.5061	-7.76122
				}
				{VolumeView "shieldl2.ply"}
			}
			{bone "shieldl3"
				{parameters "id=shieldL3;"}
				{Matrix34
					0.00754095	-0.983931	-0.17839
					-0.999916	-0.0127747	-0.00208023
					0.00023208	-0.178394	0.983959
					28.3807	27.3291	2.18056
				}
				{VolumeView "shieldl3.ply"}
			}
			{bone "shieldl1"
				{parameters "id=shieldL1;"}
				{Matrix34
					-0.028546	0.983558	0.178322
					-0.999593	-0.0280889	-0.00509268
					0	-0.178395	0.983959
					33.9984	-63.9639	-13.4126
				}
				{VolumeView "shieldl1.ply"}
			}
			{bone "shieldl4"
				{parameters "id=shieldL4;"}
				{Matrix34
					0.0285464	-0.983558	-0.178322
					-0.999592	-0.0280885	-0.00509253
					0	-0.178395	0.983959
					31.8146	62.1894	8.79882
				}
				{VolumeView "shieldl4.ply"}
			}
			{bone "shieldr2"
				{parameters "id=shieldR2;"}
				{Matrix34
					0.0276789	-0.983582	-0.178326
					0.999937	0.0110574	0.00200462
					0	-0.178395	0.983959
					-28.0571	-29.067	-8.04424
				}
				{VolumeView "shieldr2.ply"}
			}
			{bone "shieldr3"
				{parameters "id=shieldR3;"}
				{Matrix34
					0.0251612	-0.983647	-0.178338
					0.999805	0.0194455	0.00352501
					0	-0.178395	0.983959
					-29.0232	25.7663	1.89723
				}
				{VolumeView "shieldr3.ply"}
			}
			{bone "shieldr1"
				{parameters "id=shieldR1;"}
				{Matrix34
					-0.0041559	0.983951	0.178393
					0.999991	0.00408919	0.000741638
					0	-0.178395	0.983959
					-31.6096	-65.6586	-13.7199
				}
				{VolumeView "shieldr1.ply"}
			}
			{bone "shieldr4"
				{parameters "id=shieldR4;"}
				{Matrix34
					0.00415543	-0.983951	-0.178394
					0.999991	0.00410716	0.000639893
					0.000103067	-0.178395	0.983959
					-33.6156	60.4974	8.49206
				}
				{VolumeView "shieldr4.ply"}
			}
			{bone "visor2"
				{Matrix34
					0.0263063	-0.987656	-0.154413
					0.999654	0.0259927	0.0040497
					1.39122e-005	-0.154466	0.987998
					1.12092	-56.0729	1.99186
				}
			}
			{bone "engine"
				{parameters "ID=engine;"}
				{Position -5.96243	52.2766		12.7362}
				{VolumeView "engine.ply"}
			}
			{bone "headlightr"
				{Matrix34
					0.0513232	-0.985992	-0.158702
					0.9986	0.0486249	0.0208416
					-0.0128328	-0.159549	0.987107
					-19.2489	-61.4319	-0.702579
				}
			}
			{bone "headlightl"
				{Matrix34
					0.0513241	-0.985992	-0.158702
					0.998599	0.0486221	0.0208652
					-0.0128565	-0.15955	0.987106
					22.6822	-60.8462	-1.02816
				}
			}
			{bone "fxfire1"
				{Matrix34
					0.0263063	-0.987656	-0.154414
					0.999654	0.0259927	0.00404968
					1.39366e-005	-0.154467	0.987998
					0.118281	34.6004	18.0932
				}
			}
			{bone "fxlight"
				{Matrix34
					0.0338861	-0.986463	-0.160441
					0.999342	0.0313708	0.0181859
					-0.0129066	-0.160952	0.986878
					2.16928	-70.0848	-8.6843
				}
			}
			{bone "fxfire2"
				{Matrix34
					0.0263063	-0.987656	-0.154414
					0.999654	0.0259927	0.00404968
					1.39381e-005	-0.154467	0.987998
					1.47795	-24.6962	1.25822
				}
			}
			{bone "seat04"
				{Matrix34
					-0.999605	-0.028014	-0.00245606
					0.0280153	-0.984457	-0.173378
					0.00243916	-0.173378	0.984852
					-20.44	-5.8813	3.79261
				}
			}
			{bone "seat01"
				{Matrix34
					0.997398	0.0524948	0.0494129
					-0.0606277	0.981628	0.180914
					-0.039008	-0.183439	0.982257
					22.6238	-4.71568	3.80654
				}
			}
			{bone "seat03"
				{Matrix34
					-0.999687	-0.0115709	-0.0221872
					0.0152698	-0.984527	-0.174569
					-0.019824	-0.174853	0.984395
					-20.4631	4.25474	5.91934
				}
			}
			{bone "seat02"
				{Matrix34
					0.997603	-0.00482856	0.0690308
					-0.00722997	0.98483	0.173373
					-0.0688207	-0.173456	0.982434
					22.4817	5.63375	5.73088
				}
			}
			{bone "seat05"
				{Matrix34
					-0.999687	-0.0115709	-0.0221872
					0.0152698	-0.984527	-0.174569
					-0.019824	-0.174853	0.984395
					-20.8939	20.4353	8.39574
				}
			}
			{bone "seat06"
				{Matrix34
					0.999707	-0.0101517	-0.0219935
					0.0130155	0.99086	0.134269
					0.0204294	-0.134516	0.990701
					19.0563	21.492	8.44296
				}
			}
			{bone "driver"
				{Matrix34
					0.0290311	-0.991159	0.129467
					0.999576	0.0290601	-0.00166537
					-0.00211163	0.129461	0.991582
					12.5864	-46.8425	-24.9154
				}
			}
			{bone "gunner"
				{Matrix34
					0.0293232	-0.995778	0.0869848
					0.999569	0.0293013	-0.00152908
					-0.00102615	0.0869922	0.996208
					-0.164792	-25.122	-14.1778
				}
			}
			{bone "charger"
				{Matrix34
					0.0290311	-0.991159	0.129467
					0.999576	0.0290601	-0.00166537
					-0.00211163	0.129461	0.991582
					-8.7324	-47.3968	-25.0017
				}
			}
			{bone "body2"
				{parameters "id=body;"}
				{Position -3.19923	-64.1296	-3.31758}
				{VolumeView "body2.ply"}
			}
		}
		{bone "emit10"
			{parameters "sphere;"}
			{Matrix34
				-0.00254605	-0.999953	-0.00937382
				0.999993	-0.00252075	-0.00276505
				0.00274131	-0.00938082	0.999952
				-3.2252	46.9245	5.79858
			}
		}
		{bone "emit9"
			{parameters "sphere;"}
			{Matrix34
				0.00254689	0.999953	0.00937383
				-0.999993	0.00252104	0.00276529
				0.00274153	-0.0093808	0.999952
				-2.1594	-48.2769	4.94444
			}
		}
		{bone "emit1"
			{parameters "sphere;"}
			{Matrix34
				0.00254675	0.999953	0.00937383
				-0.999993	0.00252092	0.00276529
				0.00274153	-0.0093808	0.999952
				39.3234	-48.1473	4.29074
			}
		}
		{bone "emit2"
			{parameters "sphere;"}
			{Matrix34
				-0.00254685	-0.999953	-0.00937383
				0.999993	-0.00252101	-0.00276505
				0.00274129	-0.00938081	0.999952
				39.0466	47.054	5.14497
			}
		}
		{bone "emit3"
			{parameters "sphere;"}
			{Matrix34
				0.00254689	0.999953	0.00937383
				-0.999993	0.00252104	0.00276529
				0.00274153	-0.0093808	0.999952
				-7.55464	-48.2769	4.94729
			}
		}
		{bone "emit6"
			{parameters "sphere;"}
			{Matrix34
				-0.00254605	-0.999953	-0.00937382
				0.999993	-0.00252075	-0.00276505
				0.00274131	-0.00938082	0.999952
				-25.36	46.9245	5.81029
			}
		}
		{bone "emit4"
			{parameters "sphere;"}
			{Matrix34
				0.00254689	0.999953	0.00937383
				-0.999993	0.00252104	0.00276529
				0.00274153	-0.0093808	0.999952
				1.64509	-48.2769	4.94242
			}
		}
		{bone "emit5"
			{parameters "sphere;"}
			{Matrix34
				0.00254689	0.999953	0.00937383
				-0.999993	0.00252104	0.00276529
				0.00274153	-0.0093808	0.999952
				-25.3441	-48.2769	4.9567
			}
		}
		{bone "emit7"
			{parameters "sphere;"}
			{Matrix34
				-0.00254605	-0.999953	-0.00937382
				0.999993	-0.00252075	-0.00276505
				0.00274131	-0.00938082	0.999952
				-9.93935	46.9245	5.80213
			}
		}
		{bone "emit8"
			{parameters "sphere;"}
			{Matrix34
				-0.00254605	-0.999953	-0.00937382
				0.999993	-0.00252075	-0.00276505
				0.00274131	-0.00938082	0.999952
				1.16416	46.9245	5.79625
			}
		}
	}
}
{Volume "body1"
	{Polyhedron "body1.vol"}
	{Bone "body"}
	{Matrix34
		0.0268314	-0.987441	-0.155695
		-0.0125527	-0.157057	0.98751
		-0.999563	-0.024448	-0.0165961
		-1.50007	-3.65871	-3.06145
	}
}
{Volume "engine"
	{Box 15.1651 11.9792 29.3108}
	{Bone "engine"}
	{Matrix34
		1	0	0
		0	0.983959	0.178395
		0	-0.178395	0.983959
		-5.96243	52.2766		12.0652
	}
}
{Volume "shieldl1"
	{Polyhedron "shieldl1.vol"}
	{Bone "shieldl1"}
	{Matrix34
		-0.991323	0.129115	0.0246681
		-0.129091	-0.99163	0.00249814
		0.0247841	-0.000708001	0.999693
		2.14871	-0.317932	-14.4775
	}
}
{Volume "shieldl2"
	{Box 43.951 1.67526 4.8287}
	{Bone "shieldl2"}
	{Matrix34
		0.999817	-0.0212842	0.024791
		-0.00483618	-0.999909	-0.000394945
		-0.149557	0.000801163	6.02989
		-0.0126729	-5.69226	0.45296
	}
}
{Volume "shieldl3"
	{Box 41.3889 1.9709 7.58796}
	{Bone "shieldl3"}
	{Matrix34
		0.999618	-0.0187637	0.0247899
		-0.0133608	-0.999839	-0.00042027
		-0.101541	0.000183962	4.09397
		0.101768	-5.62728	-0.602223
	}
}
{Volume "shieldl4"
	{Box 28.9722 1.77381 9.16467}
	{Bone "shieldl4"}
	{Matrix34
		1.08893	-0.112334	0.0269164
		-0.102535	-0.994724	-0.00324643
		-0.0755761	-0.00215885	3.04849
		-0.318361	0.301486	-0.715312
	}
}
{Volume "shieldr1"
	{Polyhedron "shieldr1.vol"}
	{Bone "shieldr1"}
	{Matrix34
		-0.990082	0.138331	0.0245408
		0.138286	0.990386	-0.00353149
		0.0247934	0.000102809	0.999693
		2.24313	-0.0606651	-14.4369
	}
}
{Volume "shieldr2"
	{Box 43.951 1.67526 4.8287}
	{Bone "shieldr2"}
	{Matrix34
		0.999715	-0.00136479	0.0247848
		-0.0150645	1.00013	-0.000652381
		-0.149559	0.00414066	6.02989
		0.0305873	-6.29583	0.496699
	}
}
{Volume "shieldr3"
	{Box 41.3889 1.9709 7.58796}
	{Bone "shieldr3"}
	{Matrix34
		0.999686	0.00115316	0.0247852
		-0.00653763	1.00001	-0.000651512
		-0.101519	0.00255197	4.09397
		0.139754	-6.25346	-0.558329
	}
}
{Volume "shieldr4"
	{Box 28.9722 1.77381 9.16467}
	{Bone "shieldr4"}
	{Matrix34
		1.08485	-0.146563	0.026906
		0.133801	0.991002	0.00331875
		-0.0756074	0	3.04849
		-0.323861	-0.118359	-0.673011
	}
}
{Volume "turret"
	{Polyhedron "turret.vol"}
	{Bone "turret"}
	{Matrix34
		0.00828025	0.999966	0.000702418
		-0.999957	0.00827731	0.00409841
		0.00409246	-0.000736339	0.999991
		-0.0290052	-0.523787	-3.82392
	}
}
{Volume "wheelleft1"
	{Cylinder 13.4393 9.18747}
	{Bone "wheell1"}
	{Matrix34
		-0.919897	0.00193706	-0.00114679
		-0.00188304	-0.918947	-0.0418239
		-0.00123365	-0.0418216	0.918949
		-1.09575	-0.207616	-0.00447559
	}
}
{Volume "wheelleft2"
	{Cylinder 13.4393 9.18747}
	{Bone "wheell2"}
	{Matrix34
		-0.919897	0.00193708	-0.00114725
		-0.00188301	-0.918947	-0.0418239
		-0.00123406	-0.0418216	0.918949
		-0.0261901	-0.422566	-0.0579576
	}
}
{Volume "wheelleft3"
	{Cylinder 13.4393 9.18747}
	{Bone "wheell3"}
	{Matrix34
		-0.919869	0.00179759	0.0072763
		-0.00193164	-0.919742	-0.0169584
		0.00724186	-0.016973	0.919715
		1.23129	-0.66694	-0.111737
	}
}
{Volume "wheelleft4"
	{Cylinder 13.4393 9.18747}
	{Bone "wheell4"}
	{Matrix34
		-0.919869	0.00179754	0.00727675
		-0.0019315	-0.919741	-0.0169572
		0.00724075	-0.0169718	0.919715
		0.0988672	-0.845284	-0.149346
	}
}
{Volume "wheelright1"
	{Cylinder 13.4393 9.18747}
	{Bone "wheelr1"}
	{Matrix34
		-0.919897	0.00193708	-0.00114684
		-0.00188302	-0.918947	-0.041824
		-0.00123359	-0.0418215	0.918949
		-1.03293	-0.224961	0.658612
	}
}
{Volume "wheelright2"
	{Cylinder 13.4393 9.18747}
	{Bone "wheelr2"}
	{Matrix34
		-0.919897	0.0019371	-0.00114725
		-0.00188298	-0.918946	-0.0418239
		-0.00123405	-0.0418215	0.918949
		0.0366819	-0.439911	0.604806
	}
}
{Volume "wheelright3"
	{Cylinder 13.4393 9.18747}
	{Bone "wheelr3"}
	{Matrix34
		-0.919869	0.00179802	0.00727605
		-0.00193211	-0.919742	-0.0169588
		0.00724161	-0.0169734	0.919715
		1.30005	-0.67148	0.541061
	}
}
{Volume "wheelright4"
	{Cylinder 13.4393 9.18747}
	{Bone "wheelr4"}
	{Matrix34
		-0.919869	0.00179811	0.00727605
		-0.00193198	-0.919742	-0.0169588
		0.00724163	-0.0169734	0.919715
		0.167605	-0.849858	0.503485
	}
}
