;MDL File generated by SOEdit Version Next (v0.7m4)
;Model created by: egor_
;Date: Thu Feb  8 00:25:01 2024
;File: D:\!Neu\model\!Veh\Kamaz\Kamaz.max
;Model create/rebuild by: Makimka
;Last build date: Saturday 29 March 2024 [18:05:24]
{Skeleton
    {Animation
        {Sequence "doorleft" {Speed 0.4}}
        {Sequence "doorright" {Speed 0.4}}
        {Sequence "close" {Speed 0.6}}
        {Sequence "start" {Speed 0.4}}
        {Sequence "stop" {Speed 0.4}}
    }
    {Bone "basis"
        {Parameters "Wheelradius=0.48;SteerMax=28;"}
        {Orientation
            1	0	0
            0	-1	0
            0	0	1
        }
        {Bone "body"
            {Parameters "ID=body;"}
            {Matrix34
                0	-1	0
                1	0	0
                0	0	1
                0	0	9.16232
            }
            {VolumeView "body.ply"}
            {Bone "doorr"
                {Parameters "ID=cabin;"}
                {Matrix34
                    1	0	0
                    0	0	-1
                    0	1	0
                    22.3406	56.4226	25.4564
                }
                {VolumeView "doorr.ply"}
            }
            {Bone "glass1"
                {Parameters "ID=glass1;"}
                {Position 0	0	-9.16232}
                {VolumeView "glass1.ply"}
            }
            {Bone "porh"
                {Matrix34
                    1	0	0
                    0	0.487565	-0.873086
                    0	0.873086	0.487565
                    -4.1009e-05	19.5944	13.2131
                }
                {VolumeView "porh.ply"}
                {Bone "porh1"
                    {Position 0.0207655	-25.9646	7.31069}
                    {VolumeView "porh1.ply"}
                }
            }
            {Bone "turret"
                {Parameters "ID=turret;"}
                {Matrix34
                    1	0	0
                    0	0.464428	-0.885611
                    0	0.885611	0.464428
                    -0.293889	-58.012	13.9338
                }
                {VolumeView "turret.ply"}
                {Bone "default002"
                    {Matrix34
                        1	0	0
                        0	0.986078	-0.166285
                        0	0.166285	0.986078
                        0.000232518	-27.5271	0.42329
                    }
                    {VolumeView "default002.ply"}
                }
                {Bone "porh2"
                    {Matrix34
                        1	0	0
                        0	0.941564	-0.336833
                        0	0.336833	0.941564
                        0.293868	-32.9535	86.3278
                    }
                    {VolumeView "porh2.ply"}
                }
                {Bone "tail001"
                    {Matrix34
                        -0.00698102	0.379819	-0.925035
                        0.999931	0.01137	-0.00287762
                        0.00942464	-0.924991	-0.379872
                        10.6479	-9.3432	-3.39853
                    }
                }
                {Bone "shooter000"
                    {Matrix34
                        0	-0.379889	0.925032
                        -1	0	0
                        0	-0.925032	-0.379889
                        -9.7445	-43.7651	93.0772
                    }
                }
                {Bone "shooter001"
                    {Matrix34
                        0	-0.379889	0.925032
                        -1	0	0
                        0	-0.925032	-0.379889
                        9.77466	-43.7651	93.0772
                    }
                }
                {Bone "tail000"
                    {Matrix34
                        0.00349093	0.379887	-0.925028
                        0.999995	-0.00132589	0.00322923
                        0	-0.925032	-0.379889
                        -9.93022	-9.34321	-3.39853
                    }
                }
                {Bone "rocket000"
                    {Matrix34
                        0.707106	-0.66439	-0.242049
                        0	-0.342309	0.939588
                        -0.707108	-0.664388	-0.242049
                        -9.76871	-11.2673	3.06398
                    }
                    {VolumeView "rocket00.ply"}
                }
                {Bone "rocket001"
                    {Matrix34
                        0.707106	-0.66439	-0.242049
                        0	-0.342309	0.939588
                        -0.707108	-0.664388	-0.242049
                        9.83129	-11.1873	3.06398
                    }
                    {VolumeView "rocket00.ply"}
                }
                {Bone revolute "gun"
                    {Limits -5 5}
                    {Matrix34
                        0.00211358	0.466383	0.88458
                        -0.999993	-0.000167633	0.0024779
                        0.00130386	-0.884583	0.46638
                        0	-39.4	102.3
                    }
                    {Bone revolute "foresight"
                        {Limits 45 -45}
                        {Matrix34
                            1	-0	0
                            -0	0	1
                            -0	-1	0
                            -0.0199986	0.0900001	-1.04308e-07
                        }
                    }
                }
            }
            {Bone "fxsmoke2"
                {Matrix34
                    -0.569463	-0.470511	0.674041
                    0.672776	-0.737924	0.0532903
                    0.472317	0.483826	0.736769
                    -18.1862	-65.7731	-1.40535
                }
            }
            {Bone "fxsmoke1"
                {Matrix34
                    -0.569463	-0.470511	0.674041
                    0.672776	-0.737924	0.0532902
                    0.472318	0.483826	0.736769
                    19.2931	-67.1992	-1.40539
                }
            }
            {Bone "fxlight"
                {Matrix34
                    0	1	4.48227e-05
                    -1	0	0
                    0	-4.48227e-05	1
                    0	64.0364	8.09732
                }
            }
            {Bone "fxstop1"
                {Matrix34
                    0	-1	-4.48227e-05
                    1	0	0
                    0	-4.48227e-05	1
                    -20.3291	-61.4819	6.49252
                }
            }
            {Bone "fxstop2"
                {Matrix34
                    0	-1	-4.48227e-05
                    1	0	0
                    0	-4.48227e-05	1
                    19.8749	-61.5111	6.88415
                }
            }
            {Bone "headlightl"
                {Matrix34
                    0	1	4.48227e-05
                    -1	0	0
                    0	-4.48227e-05	1
                    -15.5077	62.5518	5.98229
                }
            }
            {Bone "headlightr"
                {Matrix34
                    0	1	4.48227e-05
                    -1	0	0
                    0	-4.48227e-05	1
                    14.7989	62.6486	6.07499
                }
            }
            {Bone "link2"
                {Matrix34
                    0	-1	0
                    1	0	0
                    0	0	1
                    0	-65.3569	4.19105
                }
            }
            {Bone "driver"
                {Matrix34
                    0	0.959803	0.280676
                    -1	0	0
                    0	-0.280676	0.959802
                    -11.6548	43.0521	10.1454
                }
            }
            {Bone "visor1"
                {Matrix34
                    0	1	4.48227e-05
                    -1	0	0
                    0	-4.48227e-05	1
                    -10.0995	55.8886	33.8032
                }
            }
            {Bone "body_systems"
                {Matrix34
                    0	1	0
                    -1	0	0
                    0	0	1
                    0	20.9365	15.5665
                }
            }
            {Bone "guner"
                {Matrix34
                    0	0.987668	0.156561
                    -1	0	0
                    0	-0.156561	0.987668
                    10.4216	41.3947	19.9811
                }
            }
            {Bone "commander"
                {Matrix34
                    0	0.987668	0.156561
                    -1	0	0
                    0	-0.156561	0.987668
                    -1.26758	41.3947	10.2979
                }
            }
            {Bone "doorl"
                {Parameters "ID=cabin;"}
                {Matrix34
                    0	-1	0
                    1	0	0
                    0	0	-1
                    -20.8771	55.2886	25.4564
                }
                {VolumeView "doorl.ply"}
                {Bone "glass003"
                    {Parameters "ID=glass2;"}
                    {Matrix34
                        0	0.984808	0.173648
                        0	-0.173648	0.984808
                        -1	0	0
                        9.13876	0.392054	-7.97126
                    }
                    {VolumeView "glass003.ply"}
                }
            }
            {Bone "gunner"
                {Matrix34
                    0	0.987668	0.156561
                    -1	0	0
                    0	-0.156561	0.987668
                    8.28302	41.3947	10.2979
                }
            }
            {Bone "seat03"
                {Matrix34
                    0	0.987668	0.156561
                    -1	0	0
                    0	-0.156561	0.987668
                    -1.1353	41.3947	10.2979
                }
            }
            {Bone "seat04"
                {Matrix34
                    0	0.987668	0.156561
                    -1	0	0
                    0	-0.156561	0.987668
                    -1.1353	41.3947	10.1712
                }
            }
            {Bone "flag_handle"
                {Parameters "ID=turret;"}
                {Matrix34
                    -0.00872659	-0.999923	-0.00872619
                    0.999961	-0.00872608	-7.61512e-05
                    0	-0.00872653	0.999961
                    -17.1249	48.0994	39.2417
                }
            }
        }
        {Bone "emit2"
            {Matrix34
                0	1	0
                -1	0	0
                0	0	1
                39.8533	-34.2147	5.60264
            }
        }
        {Bone "emit1"
            {Matrix34
                0	-1	0
                1	0	0
                0	0	1
                39.8888	28.9299	5.71639
            }
        }
        {Bone "pivot_front"
            {Parameters "ID=body;"}
            {Position 37.3916	0	10.6407}
            {VolumeView "pivot_front.ply"}
            {Bone revolute "steer_r1"
                {Parameters "ID=body;"}
                {Matrix34
                    1	0	0
                    0	-1	0
                    0	0	-1
                    0.417831	-20.0811	-0.218907
                }
                {Bone "fxtracer1"
                    {Matrix34
                        -1	0	0
                        0	1	0
                        0	0	-1
                        -12.5426	0.802729	11.3412
                    }
                }
                {Bone revolute "wheelr1"
                    {Parameters "ID=wheelright1;"}
                    {Matrix34
                        1	0	0
                        0	0	1
                        0	-1	0
                        -0.246281	1.27866	-0.115614
                    }
                    {VolumeView "wheelr1.ply"}
                }
            }
            {Bone revolute "steer_l1"
                {Parameters "ID=body;"}
                {Matrix34
                    1	0	0
                    0	-1	0
                    0	0	-1
                    0.412933	16.0985	-0.22531
                }
                {Bone "fxtracel1"
                    {Matrix34
                        -1	0	0
                        0	1	0
                        0	0	-1
                        -14.1754	-3.97525	11.3597
                    }
                }
                {Bone revolute "wheell1"
                    {Parameters "ID=wheelleft1;"}
                    {Matrix34
                        1	0	0
                        0	0	1
                        0	-1	0
                        -0.2416	-4.33203	-0.122025
                    }
                    {VolumeView "wheell1.ply"}
                }
            }
        }
        {Bone "pivot_back"
            {Parameters "ID=body;"}
            {Position -32.2196	0	10.9258}
            {VolumeView "pivot_back.ply"}
            {Bone "fxtracer2"
                {Matrix34
                    -0.965923	0	0.258828
                    0	-1	0
                    0.258828	0	0.965923
                    -21.9443	-17.5963	-10.8501
                }
            }
            {Bone "fxtracel2"
                {Matrix34
                    -0.965923	0	0.258828
                    0	-1	0
                    0.258828	0	0.965923
                    -19.0046	17.3451	-11.1122
                }
            }
            {Bone revolute "wheelr2"
                {Parameters "ID=wheelright2;"}
                {Matrix34
                    1	0	0
                    0	0	1
                    0	-1	0
                    10.3867	-18.0459	-0.676655
                }
                {VolumeView "wheelr2.ply"}
            }
            {Bone revolute "wheelr3"
                {Parameters "ID=wheelright3;"}
                {Matrix34
                    1	0	0
                    0	0	1
                    0	-1	0
                    -14.27	-18.0459	-0.676659
                }
                {VolumeView "wheelr3.ply"}
            }
            {Bone revolute "wheell3"
                {Parameters "ID=wheelleft3;"}
                {Matrix34
                    1	0	0
                    0	0	1
                    0	-1	0
                    -14.2455	17.7288	-0.676659
                }
                {VolumeView "wheell3.ply"}
            }
            {Bone revolute "wheell2"
                {Parameters "ID=wheelleft2;"}
                {Matrix34
                    1	0	0
                    0	0	1
                    0	-1	0
                    10.4374	17.7288	-0.67666
                }
                {VolumeView "wheell2.ply"}
            }
        }
    }
}
{Volume "body"
    {Polyhedron "body.vol"}
    {Bone "body"}
    {Matrix34
        0	-1	0
        0	0	1
        -1	0	0
        26.5134	-2.56437	23.6691
    }
}
{Volume "driver_panel"
    {Polyhedron "driver_panel.vol"}
    {Bone "body_systems"}
    {Position 27.8321	4.70657	10.6271}
}
{Volume "engine"
    {Polyhedron "engine.vol"}
    {Bone "body_systems"}
    {Position 26.6085	-1.06022	-6.86229}
}
{Volume "front_wheels"
    {Box 3.44626 65.9398 3.44626}
    {Bone "body_systems"}
    {Matrix34
        0	-1	0
        1	0	0
        0	0	1
        -35.0805	-0.169656	-13.7709
    }
}
{Volume "fuel_tank_internal_a"
    {Polyhedron "fuel_tank_internal_a.vol"}
    {Bone "body_systems"}
    {Position -13.4251	15.9123	-13.8307}
}
{Volume "panel_engine_connectors"
    {Polyhedron "panel_engine_connectors.vol"}
    {Bone "body_systems"}
    {Position 23.5521	-0.214238	5.89379}
}
{Volume "ppu"
    {Box 6.89252 7.65748 4.75584}
    {Bone "body_systems"}
    {Matrix34
        0	-1	0
        1	0	0
        0	0	1
        22.7562	1.30342	2.31955
    }
}
{Volume "transmission"
    {Polyhedron "transmission.vol"}
    {Bone "body_systems"}
    {Position 5.93063	2.11099	-15.7224}
}
{Volume "turret"
    {Polyhedron "turret.vol"}
    {Bone "turret"}
    {Matrix34
        0	0	-1
        0	-1	0
        -1	0	0
        22.781	-18.3477	40.3593
    }
}
{Volume "wheelleft1"
    {Polyhedron "wheelleft1.vol"}
    {Bone "wheell1"}
}
{Volume "wheelleft2"
    {Polyhedron "wheelleft2.vol"}
    {Bone "wheell2"}
}
{Volume "wheelleft3"
    {Polyhedron "wheelleft3.vol"}
    {Bone "wheell3"}
}
{Volume "wheelright1"
    {Polyhedron "wheelright1.vol"}
    {Bone "wheelr1"}
    {Position 1.14441e-05	0	0}
}
{Volume "wheelright2"
    {Polyhedron "wheelright2.vol"}
    {Bone "wheelr2"}
}
{Volume "wheelright3"
    {Polyhedron "wheelright3.vol"}
    {Bone "wheelr3"}
    {Position -9.38773e-07	0.00999989	0}
}
{Volume "ammo_storage_main"
    {Box 100 8 8}
    {Bone "rocket000"}
    {Matrix34
        0	-1	-0
        1	0	-1
        1	-0	1
        0	45	0
    }
}
{Volume "ammo_storage_main1"
    {Box 100 8 8}
    {Bone "rocket001"}
    {Matrix34
        -0.0104717	-0.999944	0
        0.999944	-0.0104717	0
        0	0	1
        0	45	0
    }
}
