;Exported by: ???
;Date:        Tue May 01 16:12:43 2018
;File:        C:\Users\???\Documents\3dsMaxDesign\scenes\stugna-p.max
{Skeleton
	{animation
		{sequence "close" {speed 0.55} {resume}}
	}
	{bone "basis"
		{Orientation
			1	0	0
			0	-1	0
			0	0	1
		}
		{bone "emit1"
			{Position -18.3665	3.13147	0}
		}
		{bone "gunner"
			{Matrix34
				0.906308	0.422618	0
				-0.422618	0.906308	0
				0	0	1
				-10.0904	-6.76873	0
			}
		}
		{bone "commander"
			{Position -8.09818	7.38801	0}
		}
		{bone "driver1"
			{Position 5.87479	9.38893	0}
		}
		{bone "driver2"
			{Position 5.12629	-7.73278	0}
		}
		{bone  "body"
			{parameters "ID=body;"}
			{Matrix34
				-1	0	0
				0	-1	0
				0	0	1
				8.5873	1.08369	4.17514
			}
			{VolumeView "body.ply"}
			{bone "part2"
				{Matrix34
					-0.866026	0.5	0
					-0.5	-0.866026	0
					0	0	1
					8.28754	5.58173	0.939598
				}
				{VolumeView "part2.ply"}
			}
			{bone "part1"
				{Matrix34
					-0.819152	-0.573577	0
					0.573577	-0.819152	0
					0	0	1
					8.84251	-5.97073	1.33126
				}
				{VolumeView "part1.ply"}
			}
			{bone revolute "turret"
				{parameters "ID=body;"}
                      
				{Matrix34
					0	-1	0
					1	0	0
					0	0	1
					4.94457	-0.177077	3.28853
				}
				{VolumeView "turret.ply"}
				{bone revolute "gun2"
					{parameters "ID=body;"}
                                        {limits -12 5}
					{Matrix34
						0	-1	0
						0	0	1
						-1	0	0
						0.0340753	-3.319	7.24435
					}
					{VolumeView "gun2.ply"}
					{bone "tuba01"
						{Matrix34
							-0.99861	-0.0527053	0
							0	0	1
							-0.0527053	0.99861	0
							12.7857	3.01555	0.0764956
						}
						{VolumeView "tuba01.ply"}
					}
					{bone "tuba02"
						{Matrix34
							-0.998583	-0.052704	0.00737216
							0.00736481	0.00033363	0.999973
							-0.052705	0.99861	5.49977e-005
							-19.045	1.84821	-0.229268
						}
						{VolumeView "tuba02.ply"}
					}
					{bone "tuba"
						{parameters "ID=body;"}
						{Matrix34
							-0.998583	-0.052704	0.00737216
							0.00736481	0.00033363	0.999973
							-0.052705	0.99861	5.49977e-005
							-4.5111	2.34851	-0.090035
						}
						{VolumeView "tuba.ply"}
					}
					{bone "tuba05"
						{Matrix34
							-0.998583	-0.052704	0.00737216
							0.00736481	0.00033363	0.999973
							-0.052705	0.99861	5.49977e-005
							-19.045	1.84821	-0.229268
						}
						{VolumeView "tuba05.ply"}
					}
					{bone "tuba04"
						{Matrix34
							-0.99861	-0.0527053	0
							0	0	1
							-0.0527053	0.99861	0
							12.7857	3.01555	0.0764956
						}
						{VolumeView "tuba04.ply"}
					}
					{bone "tuba03"
						{Matrix34
							-0.99861	-0.0527053	0
							0	0	1
							-0.0527053	0.99861	0
							13.4389	3.03292	0.0848887
						}
						{VolumeView "tuba03.ply"}
					}
					{bone "foresight1"
						{Matrix34
							1	1.36773e-005	-5.37952e-005
							-5.38946e-005	0.00737278	-0.999973
							-1.32803e-005	0.999973	0.00737278
							14.3894	-0.318326	0.101155
						}
					}
					{bone "taill"
						{Matrix34
							1	1.36773e-005	-5.37952e-005
							-5.38946e-005	0.00737278	-0.999973
							-1.32803e-005	0.999973	0.00737278
							-21.7044	-1.56123	-0.197104
						}
					}
					{bone "visor"
						{Matrix34
							1	-1.34389e-005	5.45104e-005
							5.44099e-005	-0.00737287	-0.999973
							1.38404e-005	0.999973	-0.00737286
							-4.33191	2.46506	-2.55972
						}
					}
				}
			}
		}
	}
}
{Volume "body"
	{Polyhedron "body.vol"}
	{Bone "body"}
	{Matrix34
		-1	0	0
		0	-1	0
		0	0	1
		3.26364	0.19399	-4.17514
	}
}
{Volume "gun2"
	{Cylinder 2.19328 31.6601}
	{Bone "gun2"}
	{Matrix34
		-0.0600659	0.998194	-5.43595e-005
		0.00736178	0.000388535	-0.999973
		-0.998167	-0.0600646	-0.00737182
		-2.02045	-1.25286	-0.116242
	}
}
{Volume "part1"
	{Polyhedron "part1.vol"}
	{Bone "part1"}
	{Matrix34
		-0.996195	0.087156	0
		-0.0667653	-0.763129	-0.642788
		-0.0560229	-0.640342	0.766045
		0.0523016	5.46771	-6.01357
	}
}
{Volume "part2"
	{Polyhedron "part2.vol"}
	{Bone "part2"}
	{Matrix34
		0.984808	-0.173648	0
		0.133022	0.754407	-0.642788
		0.111619	0.633022	0.766045
		-0.138025	-5.86217	-6.00171
	}
}
